1
100
100
6830 6248 9294 4547 7716 2665 -1 -1 475 8135 -1 -1 9692 5980 4373 9887 -1 2016 -1 7852 -1 2847 6392 852 -1 -1 6500 -1 5735 -1 7612 9384 270 4774 8599 9535 7191 5321 -1 -1 -1 -1 -1 9342 4845 4411 -1 1278 1862 -1 -1 3919 6206 7638 -1 5821 -1 2843 5920 964 6056 7962 -1 3035 -1 350 2214 -1 2284 6303 -1 -1 7283 -1 -1 -1 -1 6536 6755 1717 -1 -1 -1 9336 9072 9146 3251 -1 -1 2893 9360 -1 -1 -1 -1 -1 6317 6910 4120 2696
-1 8690 -1 4342 3680 4727 6201 -1 -1 -1 6758 -1 -1 -1 -1 4978 343 -1 -1 -1 5311 -1 -1 3182 -1 -1 8424 -1 -1 1160 7579 -1 7905 -1 514 4099 3240 -1 7545 5813 -1 3192 1258 3431 4784 8415 3222 -1 -1 3563 4451 5491 9614 4047 -1 -1 -1 -1 -1 5432 1738 -1 7304 1831 521 9738 5673 -1 8335 -1 -1 -1 -1 -1 7128 -1 5542 1874 6753 -1 6633 126 3814 969 809 8591 8139 -1 2471 5557 -1 275 7764 3033 8886 7654 6611 8534 -1 2225
-1 2815 -1 -1 1026 -1 7458 9346 2895 -1 5697 -1 -1 -1 297 4904 -1 8217 7769 8531 -1 -1 -1 -1 7805 -1 -1 8273 5211 4027 4407 -1 1639 2715 2718 -1 -1 7952 533 8197 -1 6844 -1 -1 -1 -1 7653 4228 -1 6042 9406 3956 7350 6871 6577 7316 1044 -1 2456 5494 5681 -1 7812 2586 1591 6420 7938 8376 3320 8676 1534 -1 -1 -1 9544 -1 -1 9930 -1 -1 4439 887 -1 -1 6597 3331 7173 6781 1554 4870 7022 2337 -1 510 -1 8121 -1 -1 -1 3449
-1 -1 4460 -1 6439 3262 5256 4304 6050 6554 2477 4755 8056 4818 4602 4828 8930 -1 6381 2964 9736 -1 5362 5651 -1 -1 3767 4519 5006 4049 -1 6711 5980 6694 3152 6329 301 -1 -1 9121 3573 -1 3906 8207 -1 5570 3073 8514 -1 -1 5193 -1 5003 1114 6049 2330 968 1651 1694 5986 634 -1 4142 9605 1275 -1 6759 9493 1951 4717 8828 1113 4567 -1 -1 -1 61 5416 8797 3907 9794 826 3007 5391 2200 7806 8439 1555 -1 4843 -1 440 746 -1 -1 6438 3229 1711 -1 4915
1325 -1 4432 -1 2182 -1 1427 -1 -1 -1 3323 7831 -1 -1 -1 -1 -1 2829 2786 -1 8756 -1 -1 1799 3411 -1 -1 2346 9781 96 -1 4144 -1 972 8450 213 8697 8931 9157 -1 6685 5374 -1 9105 6859 2691 3759 4471 -1 496 8555 7346 5019 1910 6585 7222 8471 5962 5070 -1 4699 4888 -1 -1 -1 6870 -1 8875 -1 7541 6176 -1 7565 7583 127 1479 8317 7074 8958 7308 -1 -1 -1 4954 5324 -1 -1 5156 3563 2594 773 -1 -1 3047 -1 3350 -1 9694 8098 945
6083 1863 1963 -1 4448 330 3476 6489 2161 3912 8630 197 -1 2974 6702 -1 -1 -1 7402 7414 -1 -1 4027 998 5822 -1 1255 -1 3190 6477 -1 7844 8554 6953 -1 -1 7119 -1 3671 1308 1173 1070 -1 6689 5484 4741 5191 3179 -1 3172 2670 3299 -1 8559 2826 -1 3242 2833 -1 -1 -1 9135 -1 7162 2661 -1 1878 3892 7847 1515 -1 3597 7737 -1 5668 7139 -1 4582 -1 -1 9104 5568 2430 -1 -1 -1 3366 2593 6270 9632 6092 3060 4052 8794 -1 2357 3727 4914 -1 -1
-1 -1 9848 -1 7942 -1 8535 -1 204 5866 3084 8423 1543 4994 7219 830 -1 4587 6177 9155 4657 7448 4827 4323 8440 -1 -1 -1 -1 -1 9058 3077 6887 2137 9125 3496 -1 -1 -1 -1 -1 3160 -1 -1 2465 -1 9310 -1 1328 -1 -1 4552 3457 5904 -1 4158 1544 4974 8668 6363 -1 3553 7212 -1 -1 -1 4040 78 -1 5660 8932 -1 6917 -1 3085 2222 -1 -1 4605 9604 -1 7273 2426 5093 -1 -1 9245 -1 -1 7584 6560 5542 3330 4836 -1 8030 -1 -1 6522 6509
1559 -1 270 6616 6727 2367 656 285 152 7268 7001 6992 -1 -1 6667 5167 5074 6845 9354 -1 6569 2325 -1 471 5925 2784 3238 6415 -1 9189 -1 9192 9745 4930 5736 8533 -1 855 -1 7217 -1 -1 -1 3326 3254 -1 8009 7960 -1 5412 -1 2756 -1 6880 8951 5835 1901 -1 5716 4017 -1 3336 812 -1 -1 -1 -1 8639 8086 -1 7491 3864 1050 4763 2990 -1 6691 71 -1 8133 5558 5607 3224 -1 -1 -1 3760 -1 9906 1366 3513 2098 715 -1 9447 6764 3018 -1 5692 -1
9528 -1 7186 2361 -1 9752 2402 5828 2585 -1 5249 1322 9620 7652 666 -1 5282 -1 4174 8645 -1 9313 7059 5748 4433 4988 7842 1251 -1 -1 8302 -1 7095 3377 -1 -1 1326 -1 7274 9815 2233 -1 2579 7706 -1 -1 -1 -1 6227 -1 -1 -1 -1 -1 4122 -1 -1 1809 4179 -1 4374 6091 6396 9332 4327 7820 2464 2761 8822 8435 -1 3625 1999 8174 -1 -1 4420 3694 -1 -1 6043 3865 8761 6484 9045 3840 3518 3862 511 -1 321 2956 -1 -1 -1 -1 4 1665 -1 -1
-1 -1 -1 -1 4893 5545 -1 -1 9456 8083 8218 -1 -1 -1 3320 561 5658 -1 1926 1609 3145 1810 8311 3961 2279 -1 7469 2911 6025 3332 7193 -1 91 1076 7494 -1 8801 -1 8108 1850 5298 4944 2266 -1 519 6829 1233 -1 4325 4563 4532 -1 -1 5895 785 -1 -1 420 -1 -1 5330 4603 2855 4660 9487 3373 6734 5439 -1 6676 4944 -1 -1 423 -1 8027 -1 -1 5424 9013 7054 3601 6423 5419 5799 2527 -1 -1 -1 -1 9907 -1 -1 338 -1 -1 6232 6071 3271 1238
3741 8302 4069 -1 -1 1461 3601 -1 -1 3674 -1 2235 -1 6789 3152 3902 8129 4068 93 7122 7933 -1 -1 -1 -1 3062 3638 5029 1307 -1 1291 -1 5998 5329 -1 108 -1 7104 -1 -1 -1 4783 3565 3741 -1 -1 -1 7498 3506 4319 3533 3412 -1 5094 -1 7482 2667 5693 282 -1 2672 -1 -1 2067 9177 -1 -1 6587 -1 886 -1 9344 2580 -1 1396 610 335 -1 -1 6385 -1 -1 -1 1772 2594 -1 -1 2296 122 8965 2823 -1 -1 2673 9561 -1 439 -1 3596 1372
7492 3946 7285 3581 8171 4067 5259 3958 -1 3854 1786 795 740 357 2915 5624 4749 -1 4939 -1 -1 -1 -1 371 3607 -1 9672 4901 7315 -1 7964 4516 9123 -1 9094 1082 -1 -1 1066 8491 7338 2571 4208 392 2449 3415 7172 8606 5383 1626 -1 4295 -1 5232 1413 -1 -1 -1 2806 -1 -1 1679 9340 -1 1622 7449 6138 -1 7778 8342 3504 4219 6157 -1 2571 1195 -1 3566 6200 -1 7669 1499 2263 -1 5986 3100 2842 -1 -1 -1 8600 8997 7853 -1 4529 6430 -1 8305 3347 1621
6032 -1 4577 -1 -1 9151 -1 -1 2204 9802 2836 7064 -1 3585 8971 6215 8493 4071 5624 -1 9857 -1 -1 5915 1869 9539 3115 -1 -1 1348 -1 -1 5431 -1 9840 7691 8027 4324 1591 7183 -1 977 6073 803 2604 6850 -1 5671 8557 1235 3246 88 440 8778 -1 8381 9623 7939 4263 658 6918 3629 -1 6485 8447 2435 8161 5975 -1 2181 8512 -1 5537 1972 -1 3217 9186 6271 3315 2182 4729 -1 3437 -1 2960 -1 7215 1304 2489 9757 -1 -1 6918 -1 5775 777 -1 2266 8252 8771
8237 5529 -1 3606 9066 7693 3646 -1 3637 5241 1946 -1 6407 3141 -1 -1 -1 -1 973 2518 5445 1069 4245 2212 1822 -1 3785 460 8625 3320 7030 -1 5773 9660 3033 8733 8282 -1 -1 -1 -1 -1 6588 5746 2820 -1 2861 792 5529 1838 120 2323 -1 4733 -1 8831 4511 4497 7243 -1 1230 3177 -1 -1 -1 -1 -1 8174 5638 -1 8196 -1 -1 -1 5686 -1 4121 1367 6618 -1 5575 362 -1 2860 -1 3165 1822 -1 3289 -1 -1 9537 -1 2029 5959 5545 -1 -1 4 5607
7072 -1 -1 -1 -1 -1 5072 -1 -1 745 8650 7347 -1 -1 -1 6682 1419 5909 4337 8812 2135 7175 7814 2371 -1 7575 -1 -1 -1 4298 -1 -1 7156 6145 -1 7174 3782 9666 5515 2709 -1 5169 1892 7953 -1 4911 -1 -1 3088 -1 2698 7886 1903 -1 5095 6072 5636 1465 392 7744 8311 -1 4210 2973 5836 2015 -1 253 -1 4759 6230 3239 -1 -1 9180 8139 486 4257 -1 6686 1275 -1 7288 9067 4383 9269 -1 7322 -1 -1 5208 -1 -1 6685 2641 -1 9711 -1 -1 -1
3067 6338 -1 -1 8577 3600 -1 -1 -1 5759 298 6513 5770 6945 -1 1970 530 4478 -1 -1 5170 6426 5385 3048 2907 1135 6507 3771 1857 -1 -1 9284 799 -1 3749 -1 4122 5613 7178 -1 8147 9630 6100 6064 1423 9715 4372 2638 -1 6665 1066 7213 280 2859 -1 -1 5998 9180 9792 -1 -1 6789 -1 6388 4506 262 5325 -1 -1 9886 -1 8853 -1 -1 255 9058 -1 -1 903 -1 8843 8374 6820 9366 4014 1790 4442 -1 -1 2119 -1 4584 5492 1841 8409 36 6849 -1 2953 -1
9726 -1 9424 -1 -1 -1 3522 1923 6736 2073 -1 7730 8607 -1 -1 2041 -1 9352 -1 -1 -1 3041 -1 -1 -1 3064 8952 9611 3201 8113 9602 9685 7233 4764 5224 5827 7893 452 -1 -1 1106 2106 2696 -1 -1 -1 -1 9864 782 7669 1708 4866 5346 -1 -1 -1 1720 9141 9028 9481 -1 3270 -1 2889 7765 7208 -1 242 8952 3809 8008 -1 -1 8036 728 -1 6975 6138 -1 1938 -1 8588 3162 -1 -1 6593 2951 1995 -1 7721 6167 -1 5378 -1 -1 334 4309 7711 4142 -1
7127 6300 7978 -1 -1 9979 -1 3966 -1 4670 8643 4424 -1 3210 7507 -1 -1 6700 -1 5326 3148 894 9848 -1 -1 -1 -1 -1 5965 -1 6227 8836 5184 -1 7868 -1 1350 5556 -1 -1 7315 -1 4973 -1 3273 -1 -1 2302 7017 -1 -1 -1 7467 8303 9121 258 6612 -1 -1 -1 -1 -1 -1 -1 2935 8746 1990 1658 7361 1422 -1 -1 3299 7885 5707 6030 -1 -1 -1 -1 4480 2715 208 441 7001 2252 -1 7638 -1 -1 1971 -1 -1 2253 6495 4588 4795 -1 -1 3905
-1 -1 -1 -1 -1 7158 3188 557 -1 1232 9417 4870 467 5482 592 4881 8432 4158 -1 4320 181 -1 9833 7303 -1 656 -1 88 5022 1969 1423 7337 -1 -1 -1 -1 -1 550 9603 791 5725 7914 4767 5649 7521 692 4019 3683 5361 5900 3734 -1 -1 -1 -1 -1 -1 -1 3271 9529 1462 2281 3271 -1 -1 406 2689 9376 8514 -1 -1 7104 -1 3514 7132 9898 -1 761 7155 3544 -1 3499 -1 -1 260 7588 6070 6615 978 6834 -1 4156 9822 3339 -1 -1 -1 1196 587 7912
-1 355 -1 7652 7267 1016 7815 9290 -1 -1 -1 -1 -1 9526 2044 9065 4114 6315 7546 7931 -1 7773 -1 -1 2746 -1 -1 9532 8047 -1 141 -1 3939 5471 -1 1771 -1 4310 7849 6714 -1 -1 897 -1 7173 3760 -1 -1 7298 9627 -1 874 1672 -1 -1 5058 2280 6136 322 -1 4937 -1 5040 5174 9718 7422 5267 6053 -1 2404 9782 6397 3774 2595 3997 6984 8803 7626 5360 7737 2335 9363 6354 -1 -1 -1 9746 250 7265 3276 7741 6429 -1 210 -1 -1 5424 1996 6386 -1
-1 136 164 -1 7189 1701 -1 -1 -1 8850 -1 4285 -1 -1 4208 7110 1034 4714 9155 1619 -1 2939 174 -1 2987 -1 6591 67 7081 4166 -1 7234 -1 667 -1 -1 4423 2611 -1 5694 6121 -1 1311 6711 -1 4028 8634 -1 4733 4833 -1 -1 7150 -1 -1 4689 2133 4899 7359 3453 9412 431 9908 7345 9547 3080 540 1709 4301 8489 -1 -1 -1 8290 7345 -1 6312 1935 -1 9419 6603 -1 2226 8986 630 2789 -1 7518 -1 -1 8972 6488 6186 4892 5525 3406 1123 7949 3954 728
1359 -1 5814 1388 2666 9470 -1 9557 7357 -1 7128 9952 -1 937 1203 -1 -1 -1 3686 100 1205 -1 6367 -1 9582 8543 -1 8810 3951 7267 733 7284 1318 8668 1817 -1 9788 7442 -1 2439 -1 -1 -1 9981 9510 -1 7418 -1 9357 -1 -1 -1 -1 1357 2092 8489 9437 830 6646 3112 -1 160 -1 2730 -1 1024 7406 1514 -1 19 6857 5606 -1 941 -1 6140 2551 -1 8702 -1 -1 -1 -1 9129 -1 9617 3102 8665 1634 9488 -1 9467 7598 533 3359 -1 -1 -1 2543 -1
3595 -1 4686 -1 -1 3584 1330 -1 -1 3282 -1 -1 233 -1 5810 -1 -1 8623 -1 -1 -1 6214 -1 -1 3313 -1 -1 1184 6188 665 -1 -1 6131 874 4420 -1 5679 -1 9879 1632 3251 790 -1 5121 9888 -1 2675 205 -1 9021 4531 9717 -1 4716 2531 3158 -1 -1 8514 -1 6993 9888 2678 -1 4578 7439 386 -1 -1 -1 -1 -1 7676 394 7286 -1 -1 6292 1369 8573 -1 -1 9720 9133 -1 -1 9254 4691 -1 2145 136 929 -1 -1 6942 8237 6286 -1 -1 9599
-1 -1 -1 6487 -1 -1 3719 -1 -1 -1 2484 -1 187 -1 5811 3879 -1 7076 -1 3119 3486 3978 -1 7729 -1 -1 6214 2758 9424 -1 -1 2955 410 7848 -1 843 6350 370 -1 -1 -1 -1 7236 301 7844 -1 5751 2740 -1 56 9729 6984 4543 4989 -1 -1 9312 -1 2122 8345 9556 -1 -1 -1 1872 -1 3645 4928 -1 6781 3264 -1 -1 5301 8587 7908 -1 5785 1038 -1 5311 4953 -1 6109 1923 2596 9247 -1 1852 -1 6834 8832 -1 -1 9519 7906 5969 9225 -1 9963
7166 2359 5262 3815 2696 9009 7199 5372 2901 -1 -1 5897 2913 4397 -1 9124 -1 -1 -1 -1 5289 6665 2418 -1 -1 7258 -1 8675 3017 -1 -1 123 -1 517 7477 -1 938 -1 3749 3009 4749 2010 4678 -1 4482 3439 386 -1 -1 4397 -1 4200 1596 -1 5574 2792 2944 -1 8319 102 7955 -1 4593 4930 -1 6242 9717 -1 5733 5510 -1 9876 4599 9520 -1 -1 -1 -1 4394 -1 751 2392 -1 -1 4345 -1 -1 -1 -1 417 -1 6150 -1 -1 5280 -1 -1 4285 2005 -1
8633 -1 3637 1323 7049 5600 4256 2902 2582 -1 5667 -1 5060 3024 6180 9454 3191 -1 -1 -1 8053 -1 2060 -1 5376 -1 6851 -1 5068 4205 116 -1 -1 9390 3614 -1 -1 4603 2891 2597 -1 -1 3993 1379 6560 8169 3487 9693 -1 8828 3885 -1 4890 -1 1010 2029 1836 6001 -1 6216 1575 5233 1486 -1 -1 -1 4989 -1 2098 -1 6232 949 -1 6796 -1 3277 -1 9358 -1 9096 -1 -1 6077 9497 6738 3290 -1 8586 7446 -1 -1 -1 9558 -1 -1 5700 -1 9093 5755 6410
-1 9785 -1 -1 -1 9490 5503 176 -1 -1 2405 -1 1168 -1 -1 2389 8296 5454 3252 -1 588 -1 2409 3420 1942 3829 -1 4483 -1 6887 5983 -1 -1 2532 -1 -1 948 -1 7810 2255 5691 2345 3723 9628 4346 7443 6099 -1 3907 6479 -1 7881 -1 48 -1 5933 -1 172 -1 4718 8938 8448 9314 -1 6676 8671 5475 6831 2315 8753 6694 5452 8913 7400 -1 -1 1142 -1 -1 1786 -1 5644 -1 8795 8585 -1 -1 5962 7304 2018 6521 62 6540 -1 3749 -1 3911 4229 -1 9964
5537 -1 -1 9830 5309 3160 -1 780 8638 5294 -1 9353 -1 1828 3556 1871 8171 -1 2175 8468 8412 8183 -1 -1 8862 -1 3615 3824 7581 -1 2057 3278 -1 2376 9580 1198 -1 -1 7719 1684 1713 1607 6671 9347 161 6979 -1 66 4899 7017 9712 9593 2857 6040 -1 -1 -1 9401 6048 2176 821 538 1431 2489 -1 -1 -1 -1 4466 958 2869 -1 8174 864 -1 5710 4382 9794 7123 -1 8202 4149 -1 4459 4289 5719 5994 8957 -1 -1 -1 6739 -1 -1 -1 5812 -1 6318 9921 7823
-1 4937 1966 -1 7755 -1 -1 9090 6377 5285 7621 -1 -1 6260 5370 1381 1688 -1 3441 -1 3551 311 2721 6955 -1 -1 -1 6561 -1 1390 -1 120 647 1531 8052 8788 267 -1 -1 3827 5411 1637 9439 7956 5425 -1 -1 -1 -1 4255 605 -1 54 4550 -1 2300 7771 503 8032 8246 5892 -1 1297 4547 2921 8117 -1 1291 7984 4238 2032 9395 9246 4583 6513 3380 60 7779 6654 1204 3856 4489 1916 4802 -1 6279 -1 8317 3334 4724 -1 -1 -1 4611 -1 9695 757 5883 3001 -1
-1 -1 8244 9424 1621 -1 7221 -1 3984 -1 1891 2835 -1 -1 228 7479 -1 3549 -1 1670 8752 -1 9951 -1 1485 5247 -1 -1 3411 8201 9570 5419 -1 2110 6833 -1 8740 3761 9447 8210 -1 -1 194 -1 -1 -1 36 1569 -1 -1 -1 -1 8496 238 4780 7897 9444 8804 6288 6754 4795 6973 1444 9852 6673 -1 3449 -1 -1 -1 -1 5849 2577 196 9021 3377 7811 8592 2492 7685 -1 9473 1289 -1 6208 -1 1884 -1 -1 1448 1760 4674 -1 -1 1689 860 734 -1 7556 -1
7406 3923 -1 -1 3620 -1 437 266 2238 5886 9458 -1 8935 1423 9976 8467 -1 4461 -1 1750 -1 -1 -1 5677 -1 8369 -1 -1 -1 5459 2336 6348 2702 -1 1801 -1 7827 -1 3852 1104 6433 5723 7444 -1 5953 5078 -1 5696 8642 -1 2955 -1 7498 3803 1056 6362 8757 -1 9796 -1 4065 1420 9119 -1 -1 6555 3537 -1 3181 -1 1832 4607 -1 -1 3510 -1 2241 8599 2385 8006 -1 556 -1 872 5057 3856 -1 1705 4708 3347 4592 1396 -1 -1 -1 2434 8986 7523 8797 9102
-1 -1 6344 -1 -1 -1 -1 2001 -1 5522 3223 2034 6584 -1 -1 -1 2655 -1 7407 9298 1858 -1 -1 899 -1 3455 444 -1 2856 7897 8801 4859 2391 8825 -1 3138 -1 4626 1931 -1 -1 8318 -1 2874 4795 5481 -1 5699 9908 7793 -1 7243 4284 -1 6656 6620 -1 -1 -1 6266 3948 1518 -1 5617 8872 7504 2564 -1 355 916 2456 990 -1 -1 569 -1 -1 2756 -1 -1 4894 -1 6491 7503 39 4452 -1 -1 -1 6557 -1 7837 -1 3951 2978 -1 1403 4984 -1 2815
5608 2136 8535 1229 -1 -1 5594 -1 3351 8514 645 9954 9066 1286 -1 -1 -1 8179 195 -1 3210 4124 -1 2607 3292 63 -1 -1 5619 8769 1133 5910 8104 7447 -1 -1 4352 6621 5542 6608 -1 1366 -1 5034 -1 -1 -1 5917 -1 6013 -1 4090 1316 7084 7085 2101 -1 6823 6176 7547 -1 -1 -1 -1 8145 7081 9051 4403 2900 2659 7904 885 -1 -1 8898 -1 3712 -1 923 8444 6454 -1 4004 7262 3785 3395 2492 -1 -1 1959 5223 -1 -1 4574 2997 7071 -1 -1 7747 3742
-1 -1 -1 7484 -1 107 3822 1275 5906 6622 5847 1626 4117 -1 9231 8873 -1 2997 3360 5090 9223 5848 6799 7448 2771 6727 -1 -1 617 1792 3830 6998 3723 7797 7291 -1 -1 -1 2550 2030 6958 9944 -1 3751 8865 -1 6041 1599 7411 2972 3730 -1 4667 8035 8730 5009 -1 -1 2378 7378 -1 -1 -1 8227 4443 8627 4942 -1 3835 6264 6315 5090 6793 6697 -1 3385 -1 -1 -1 -1 -1 -1 -1 -1 -1 -1 1999 7504 6371 -1 -1 8181 6805 -1 2192 7904 -1 4730 2401 2274
1608 15 9037 4909 -1 6313 -1 4849 5530 9795 -1 -1 3633 8986 4690 2819 -1 -1 -1 1589 -1 9236 9168 2929 9953 4243 -1 7815 797 247 -1 -1 6267 -1 -1 1797 5706 7683 4999 348 3193 3311 4764 606 8203 8301 2828 -1 -1 4926 9719 -1 -1 -1 -1 8533 8908 3518 6169 244 8369 1135 5311 -1 9982 -1 -1 -1 7036 4151 -1 1539 7515 -1 2407 -1 -1 6901 -1 382 9597 2803 -1 7160 6576 -1 -1 1433 5866 8668 -1 6782 -1 3349 -1 3333 -1 -1 8732 -1
5879 6969 6709 -1 -1 -1 8639 -1 -1 7362 8554 8489 -1 4624 9796 -1 8604 -1 -1 8650 4922 3956 241 -1 -1 -1 1599 -1 -1 -1 -1 9792 -1 1112 1536 2141 -1 7827 5430 -1 -1 -1 -1 2663 -1 -1 6714 1965 -1 -1 6577 3996 4799 -1 5003 2764 -1 -1 -1 7073 7668 3934 6420 -1 2308 5249 4947 8774 2574 -1 8850 7109 8448 -1 8961 624 -1 3393 -1 -1 8957 -1 -1 -1 1002 -1 3164 9186 2016 8731 1535 7346 2948 6708 -1 -1 721 -1 3905 1152
-1 490 4127 -1 8102 -1 1739 9073 -1 -1 45 -1 125 -1 -1 3615 812 3713 41 8510 1744 4307 2095 1361 -1 635 6203 9766 7567 91 7613 -1 -1 4414 -1 5590 156 -1 -1 9150 6498 -1 1156 7926 442 7256 9073 -1 -1 -1 1466 6266 -1 1403 -1 1454 3222 1085 5677 -1 8742 9015 133 9225 7912 -1 266 2802 -1 4496 9152 7331 7658 9434 1484 -1 4880 5274 -1 6910 9071 -1 -1 3311 2953 5790 7429 2445 6499 2544 5701 4034 -1 -1 9983 5206 5629 4073 -1 -1
74 8190 2819 -1 -1 4781 8128 3060 2610 -1 -1 7177 1120 6568 569 -1 1149 -1 1837 -1 -1 -1 3998 9732 7040 9659 -1 9065 1462 -1 -1 -1 5804 -1 2915 3943 7275 2127 -1 -1 -1 -1 -1 4946 4348 -1 -1 -1 9209 -1 -1 30 9349 -1 8344 633 8784 9800 -1 -1 6144 -1 9356 1158 4140 5085 1948 1139 8591 4060 2659 7462 -1 5849 8506 3367 -1 -1 17 -1 9567 7828 4560 2115 -1 -1 -1 7408 8881 -1 4353 6298 719 7151 2886 -1 4177 -1 -1 -1
5453 -1 -1 -1 -1 6595 437 1540 4770 8589 -1 7521 8797 683 3002 1643 7757 -1 -1 -1 -1 5910 2043 5519 7319 7701 1849 2363 3954 3984 3482 -1 4288 -1 4242 -1 -1 1192 2595 -1 6639 -1 -1 8152 5664 7025 8676 5543 -1 -1 2783 8326 6840 -1 4575 3552 49 -1 7397 -1 -1 1230 -1 8539 6448 7343 -1 5144 -1 7068 483 1872 9281 1377 4854 2691 6514 5297 6804 -1 2697 -1 3564 7817 8934 876 -1 6220 7482 -1 8511 8605 -1 6672 1048 2502 -1 -1 6103 2366
493 5455 -1 9222 6559 -1 -1 4837 6647 4737 7435 5606 -1 2096 -1 -1 4554 -1 3044 -1 5628 648 7163 2495 -1 7623 4215 7231 -1 306 -1 3458 7498 5628 6115 311 844 1590 6346 7826 -1 -1 6835 -1 9728 1709 6013 8118 4966 3003 432 3135 -1 -1 -1 5005 2984 4486 7475 9765 4539 5934 -1 -1 6052 5162 7052 5852 3944 -1 9187 2115 -1 -1 573 3614 3103 -1 1424 6066 4596 9197 4953 3204 -1 5551 1137 11 -1 -1 4664 1355 -1 -1 -1 9032 1414 -1 2724 7684
3559 -1 -1 2886 4673 9913 -1 1311 297 -1 7434 4534 2388 2110 9631 1661 -1 2023 8565 -1 5187 6044 7069 -1 1874 5606 5090 -1 -1 444 7630 1784 5461 4764 -1 7526 -1 -1 5093 5577 -1 8357 3213 4155 -1 -1 -1 3652 2952 772 9625 786 2249 2649 -1 -1 5839 -1 3796 -1 -1 9453 -1 1648 5261 1347 1306 8945 1939 3377 -1 2770 6258 9331 2222 2198 -1 -1 9544 5197 -1 1310 1476 -1 4366 7224 -1 6507 6020 -1 5268 6034 -1 216 4146 -1 2497 5156 2952 1479
1830 5008 -1 -1 9974 3069 3822 7961 -1 -1 2070 -1 232 1353 783 -1 1022 1709 2355 1468 4453 7999 -1 -1 -1 -1 4463 5950 2481 -1 9406 4674 1206 -1 5421 -1 6479 -1 1347 6950 -1 -1 -1 3231 8585 6354 514 764 8734 2683 -1 -1 9774 9533 3528 -1 9365 6701 9265 9789 -1 6642 8478 -1 -1 5922 -1 15 8151 -1 5455 -1 2903 8804 -1 5612 -1 -1 -1 -1 4941 2433 9304 8220 9766 -1 9521 4207 3479 -1 -1 -1 6447 2234 4468 -1 -1 8768 -1 6792
-1 6112 8458 774 5417 3397 1573 -1 6874 -1 -1 4430 9391 4785 -1 963 3642 -1 3923 835 8930 3720 8634 -1 -1 8075 1953 -1 4690 3311 5764 -1 5718 -1 4662 -1 3232 1482 3958 5442 4541 2286 4401 8153 -1 2687 1306 6235 -1 8733 1036 -1 6984 2049 7269 -1 8753 4508 9723 -1 8952 5202 -1 -1 -1 -1 9989 8474 -1 -1 -1 -1 9888 6798 2511 -1 -1 6834 2882 8479 772 8129 9575 6928 4483 -1 -1 6503 -1 6966 1139 1153 -1 6640 539 3179 7262 931 -1 1243
-1 -1 -1 5182 3948 6682 1845 9999 2170 656 3641 8232 3498 6076 -1 9233 8526 8888 -1 6657 9019 -1 8670 5257 6570 -1 -1 7573 7508 8153 1822 -1 4110 -1 2846 -1 -1 1323 -1 -1 6626 2252 6105 2494 -1 -1 8637 1408 9273 2770 4823 3794 -1 5087 -1 9100 -1 -1 9567 9887 8611 4760 9036 -1 2439 -1 -1 3669 2601 -1 3151 -1 5766 4787 1387 3328 6359 5978 5705 8030 4621 7097 -1 -1 6830 7728 1919 9823 -1 6636 -1 -1 -1 577 1983 2007 -1 7376 5849 7583
8091 2810 8669 -1 -1 3984 8962 8144 3701 -1 -1 5511 664 706 1945 -1 9869 -1 8883 8609 -1 2945 -1 3302 -1 -1 -1 6548 -1 2324 -1 7498 9223 638 -1 9684 9052 -1 6904 6452 8670 5658 5602 -1 340 -1 8211 9291 1020 9644 -1 -1 6848 6569 -1 5298 -1 -1 4014 9487 -1 -1 -1 7536 -1 6062 -1 -1 -1 -1 9619 1023 9653 4304 1097 245 -1 1503 7577 6604 -1 3631 -1 7690 8672 345 7624 -1 6946 -1 -1 8884 9033 1017 -1 4187 4564 -1 5577 -1
3744 -1 -1 4893 7295 8565 2608 7212 -1 3221 3999 3536 7840 1873 1971 3944 -1 5694 -1 8170 8906 2098 4426 6110 9954 7325 1406 -1 9753 -1 5616 -1 -1 574 1423 7843 8863 9989 -1 -1 -1 -1 447 8693 -1 -1 -1 1448 2579 8479 8505 8960 -1 -1 1352 5373 2652 1426 2487 7068 -1 1049 9808 7650 1342 3808 1183 4751 3355 2962 -1 8261 -1 -1 -1 9788 781 -1 2084 962 -1 8087 -1 -1 -1 -1 -1 5303 -1 -1 9451 -1 6383 8090 2887 2792 8008 81 -1 4888
418 9532 7827 -1 -1 -1 -1 -1 4296 5151 3640 6616 3761 1639 4318 -1 7163 -1 -1 1204 2998 4046 -1 -1 -1 8857 -1 -1 6186 -1 1230 3320 9552 4905 -1 4470 3579 1151 231 8610 9789 8834 1205 6379 2743 -1 5988 -1 -1 -1 1434 -1 -1 9119 8227 -1 -1 8405 -1 7346 4507 -1 5421 -1 5267 5842 -1 2762 7120 703 -1 -1 1238 -1 8056 5424 1058 4744 -1 1535 5740 5219 7775 -1 5371 2584 8569 -1 4905 -1 -1 5525 543 7632 -1 -1 5810 6040 137 -1
883 -1 5704 4301 2315 802 7338 9423 6142 -1 4222 9371 8638 2436 2971 2223 -1 -1 6848 4454 7289 -1 9429 -1 8846 -1 4764 -1 4615 8461 -1 7355 158 6601 2053 -1 2130 1277 -1 -1 -1 -1 8850 22 9015 4540 4367 9569 9866 -1 8789 9909 3151 582 9349 -1 1058 5949 -1 2095 7778 6711 4843 3471 4823 -1 480 -1 4969 8639 8408 6162 7807 -1 -1 -1 1157 6461 -1 9840 -1 -1 -1 4909 -1 6132 4524 -1 -1 8776 -1 -1 9508 3038 9732 7805 494 -1 3575 9433
-1 -1 -1 -1 129 3001 1135 -1 -1 -1 -1 -1 3306 157 -1 -1 8467 -1 -1 -1 9683 288 6842 7827 773 267 -1 7745 -1 -1 8905 3844 2766 3941 1361 1371 4339 -1 2623 6130 5941 8170 8774 7025 -1 8262 6676 -1 448 9522 -1 5285 9344 9502 -1 6298 4970 5784 8152 -1 8341 8894 -1 3641 -1 6340 -1 1509 8748 7447 -1 -1 -1 -1 7861 7092 -1 5706 1002 6461 8865 -1 554 9825 9940 -1 -1 -1 6005 4732 -1 -1 192 -1 -1 8748 9438 8539 -1 -1
7588 -1 8735 2354 31 4818 -1 -1 7897 -1 5996 9352 5922 -1 8495 -1 8888 -1 9913 -1 -1 -1 9141 313 -1 -1 3305 -1 56 -1 -1 5772 4575 7001 -1 -1 8409 3079 -1 9489 -1 580 3965 2195 -1 3679 9245 1541 -1 -1 -1 4045 6968 2659 7397 2540 352 3532 2407 1277 1374 3332 -1 8592 1383 -1 4674 9398 -1 -1 8540 4792 9940 -1 1315 474 3934 -1 -1 81 5264 1554 3186 -1 -1 -1 2639 -1 8707 3280 -1 4145 -1 1776 6604 2150 2049 9893 6378 3790
9992 1938 7754 8109 1609 5486 -1 -1 4576 5168 8876 -1 7769 -1 9728 232 818 -1 -1 2413 6881 5543 -1 266 5386 4619 -1 -1 -1 4411 8777 -1 1192 -1 -1 9961 9460 -1 3047 9612 3593 7521 -1 -1 5572 7635 1101 -1 905 -1 8211 -1 3261 740 -1 2131 3717 -1 6019 -1 9551 -1 8652 5183 1054 7177 7255 1640 7275 8107 -1 3359 5996 8361 5289 6126 3497 -1 -1 -1 7604 -1 -1 -1 6537 1935 8625 -1 5922 6891 1573 9708 677 -1 7236 -1 -1 -1 -1 1133
1653 5033 -1 -1 5580 2558 2326 3015 4826 1329 9696 1481 -1 7084 4669 9853 -1 2569 1911 -1 -1 7685 3281 3199 1699 -1 -1 1084 -1 1820 6492 1286 5062 8978 7762 -1 5710 1144 8898 3578 5495 7299 -1 5766 -1 5941 4345 617 1686 -1 7673 4150 -1 7900 930 9854 -1 -1 9211 6009 4043 3239 2322 4633 -1 -1 966 9737 -1 9088 2736 -1 5755 7413 -1 1845 738 9462 -1 4013 8016 9639 -1 2402 5104 -1 -1 584 -1 1555 -1 7534 9768 3112 3159 9417 8537 8612 -1 3550
4884 2660 -1 584 4672 9831 1431 362 3967 2617 5057 -1 -1 -1 4685 9259 3252 5568 -1 3949 5852 -1 3198 -1 -1 -1 6802 197 1872 8998 2532 -1 9492 8344 -1 -1 6129 -1 -1 -1 7929 -1 6207 -1 1557 1587 9001 4400 9195 9407 1801 9456 -1 9568 4386 5764 4556 4033 318 1783 41 -1 1370 4854 2440 8857 -1 -1 5575 -1 -1 2491 7565 9750 4833 -1 -1 -1 1960 8879 -1 4495 1228 -1 -1 7729 131 7865 334 -1 -1 -1 2220 9847 8096 -1 -1 -1 9643 9991
7877 8768 4436 4 -1 8908 9494 -1 4580 -1 -1 589 2389 -1 -1 -1 -1 -1 -1 2192 1967 4300 314 5644 6262 -1 5130 -1 2226 -1 2402 -1 -1 -1 -1 2700 -1 3587 2290 8966 3226 3910 -1 -1 991 8877 -1 4958 8736 -1 1552 6280 3689 1349 4724 9689 3807 5877 7318 1933 -1 2503 9182 -1 2631 2335 -1 7208 6160 5767 2289 3058 -1 -1 6332 6782 7053 7326 902 -1 1109 77 1264 7868 9417 -1 3093 -1 -1 -1 1670 -1 3171 5025 -1 -1 -1 5964 7319 -1
-1 -1 -1 7616 9679 6144 5701 5730 5206 7402 3584 1105 -1 -1 -1 -1 -1 5532 -1 2885 8372 5439 -1 -1 8456 7101 -1 6416 -1 909 7787 5112 -1 5349 6748 647 -1 6341 -1 -1 -1 -1 -1 6565 -1 -1 -1 1393 354 -1 4095 -1 -1 -1 4846 5816 31 -1 -1 2370 -1 -1 2959 1194 4086 451 8396 7798 5193 -1 2625 1228 6948 3291 623 3684 -1 1680 3904 7174 4767 4976 -1 5699 5623 -1 -1 561 6484 -1 -1 -1 -1 -1 3044 -1 -1 3659 893 -1
8517 4183 -1 618 -1 2552 7288 2736 -1 -1 5812 1663 1580 1470 3870 3889 2597 1843 5730 -1 -1 5716 8906 9591 2182 6417 3393 -1 6882 3518 1107 5616 1051 3929 4428 926 -1 -1 -1 1182 3828 -1 6047 -1 3061 5515 -1 4269 7172 -1 4889 -1 6112 -1 1758 3790 7137 2258 8452 9676 2478 6647 -1 1441 4829 1570 -1 7006 1530 6222 -1 4267 1374 956 -1 3120 -1 -1 7737 5324 -1 101 4768 -1 8947 3406 7896 4609 -1 3248 170 4789 -1 -1 -1 -1 272 9211 -1 883
127 -1 -1 9065 -1 1798 8651 9624 7889 3497 5089 -1 -1 -1 -1 6547 2614 -1 1041 8296 3545 7595 6277 9295 4648 3407 8191 9163 -1 5474 8101 -1 6622 5416 -1 1414 1652 1560 1884 6946 9275 4965 908 9837 8363 -1 3796 8252 -1 -1 1310 9488 831 1418 3055 395 -1 -1 -1 7199 2397 4582 -1 6896 3687 6123 1617 -1 -1 8981 4696 -1 -1 6438 8646 564 -1 -1 -1 2612 9734 -1 2122 2282 2258 -1 -1 -1 6471 -1 4233 1626 9053 2626 -1 -1 -1 9640 8049 6794
7246 2670 2708 -1 4671 5575 69 21 1764 -1 -1 -1 -1 -1 6412 3877 7308 4863 -1 6182 -1 6706 6421 941 3577 3795 6313 3062 3903 -1 5087 5156 3114 4888 -1 -1 -1 -1 -1 2739 4438 -1 3259 5163 7471 9822 -1 -1 9261 -1 6213 6996 4530 9515 -1 -1 -1 -1 -1 5109 2438 6409 -1 5840 -1 -1 5898 1042 721 -1 -1 8522 -1 5749 1372 -1 4665 -1 9766 1553 703 -1 8792 -1 8670 8364 4360 -1 8429 34 -1 2601 8418 -1 -1 5107 6583 -1 70 5923
8578 3217 -1 8434 -1 -1 -1 5639 6208 1443 -1 3256 5879 1493 4326 -1 -1 9491 4121 3453 1123 9261 -1 2612 -1 8607 -1 -1 5847 -1 -1 8931 -1 -1 -1 3907 836 5525 -1 8729 -1 5347 7488 -1 7421 943 -1 9883 -1 8128 5893 -1 -1 2287 -1 1790 766 4665 5437 7412 2334 -1 -1 -1 3171 5773 1294 9271 6475 6234 7395 130 9429 9174 -1 -1 4564 1878 -1 -1 5744 2686 4537 6822 9230 8654 4011 -1 6552 6326 -1 1793 603 -1 7343 -1 3801 2338 -1 6100
9758 9274 6368 2481 7784 5932 8115 5500 -1 4984 5558 -1 -1 -1 255 7771 1061 2147 2658 -1 -1 7135 -1 7069 -1 6711 -1 -1 3494 8359 9704 7473 5756 4290 2630 6326 7680 -1 -1 -1 2958 1707 3947 8340 -1 -1 8632 3318 9346 -1 5268 9161 -1 -1 8219 8267 -1 -1 7050 3105 403 3167 -1 9653 7834 -1 -1 -1 4176 -1 7103 9403 -1 2057 9243 1537 334 -1 6388 -1 5889 -1 2606 8571 9264 5808 1738 1559 8758 8993 2812 3905 -1 -1 3662 -1 69 1687 -1 -1
-1 618 8872 2081 4005 -1 8457 510 7414 6132 3764 -1 1864 1509 5288 -1 1585 -1 -1 8048 3874 -1 2204 -1 -1 -1 1854 2357 757 -1 -1 -1 -1 4747 -1 1286 -1 9426 -1 7576 368 1374 2927 3508 487 -1 -1 6394 9164 -1 -1 -1 3109 -1 6755 9659 4168 2492 -1 -1 2449 -1 3712 -1 -1 -1 5036 -1 5772 -1 3254 -1 -1 83 -1 -1 4954 1889 -1 9384 2190 8545 9104 7794 -1 9629 3484 1136 964 6022 752 7943 8863 4973 -1 -1 6502 5074 1325 1768
3325 -1 732 -1 -1 9739 -1 -1 8807 -1 -1 -1 2580 -1 -1 -1 7876 5873 6895 8046 9356 395 8284 4733 8881 -1 -1 8290 7733 9043 -1 -1 8050 3088 7156 7643 7500 -1 -1 2008 6688 5994 6036 5981 -1 -1 7678 375 9144 -1 5516 5591 -1 3737 4124 -1 -1 -1 6845 -1 -1 1168 6799 1920 -1 -1 3303 -1 -1 -1 8622 607 -1 6094 -1 4671 8760 8012 3717 -1 -1 -1 -1 -1 2375 -1 1383 -1 -1 3346 8487 7943 6182 3622 7381 -1 4210 -1 -1 -1
-1 7698 7243 -1 979 826 -1 -1 8753 8866 9680 7137 7053 4666 3084 -1 7207 9509 -1 1943 8782 -1 6446 5166 -1 -1 -1 2285 -1 9269 3485 1315 8324 2575 14 1815 204 -1 2045 5901 -1 -1 4177 3374 2619 2116 2411 5232 -1 -1 439 -1 4862 3791 5747 -1 -1 1122 2697 5139 -1 8626 -1 -1 4588 -1 6991 -1 8785 4320 2723 -1 6764 -1 484 2333 1670 -1 8764 3669 7663 -1 1526 -1 -1 5180 -1 -1 2994 5131 -1 -1 7409 3107 7646 819 3657 -1 -1 -1
8179 -1 -1 -1 -1 3293 -1 7851 8977 -1 4813 4914 -1 5356 6482 9849 655 2555 -1 2128 6798 -1 3465 -1 8093 -1 5732 4846 8248 524 5993 1369 -1 5964 2941 6184 1516 4964 -1 9403 -1 8700 -1 2714 3986 7573 5860 -1 9789 9272 4067 -1 3028 2733 -1 -1 1251 4417 5641 -1 4726 -1 4979 873 5132 5728 2390 -1 9057 3582 7149 7638 4177 7856 6378 3540 -1 5251 1034 1300 1333 7062 -1 2903 4634 -1 -1 -1 9828 -1 -1 -1 -1 8261 8538 2256 -1 1512 4175 1596
1326 6783 3714 5816 2194 -1 9100 3152 8718 -1 1674 6113 8993 -1 607 9117 4400 9594 -1 -1 5958 4103 5230 -1 8143 9476 3801 5742 -1 -1 -1 6593 283 4017 5669 -1 -1 5209 6008 3342 -1 3495 -1 5605 9412 7891 -1 8488 1385 3269 7210 1952 1226 425 3248 -1 -1 4565 1159 1639 -1 6675 8740 -1 -1 5111 6101 4683 1598 3670 -1 -1 1497 903 3765 -1 -1 8730 9193 -1 4511 -1 4516 4561 38 1564 7927 5808 2693 8579 7465 1030 8478 6035 2078 -1 1890 7484 6012 -1
8119 1823 1015 -1 3839 -1 9414 8102 773 8497 124 -1 8277 -1 -1 2195 9826 -1 -1 -1 3409 -1 8471 338 2653 -1 7936 -1 3323 1209 -1 2661 5718 7514 -1 -1 8143 3681 4540 2306 1973 -1 7826 10000 -1 6297 -1 8465 1683 7881 6755 -1 -1 -1 -1 2673 -1 7220 -1 1962 -1 -1 1126 -1 132 -1 35 9737 -1 7267 2650 3210 6006 2836 -1 -1 7941 314 -1 -1 8997 -1 2344 -1 -1 9616 7842 -1 -1 8405 8751 -1 2665 2487 -1 5492 727 5257 1711 2218
4636 -1 -1 8912 -1 3968 8792 -1 -1 -1 6971 7271 6553 -1 5176 2842 6707 3121 3255 -1 1513 -1 794 3264 5514 7675 -1 9716 9168 -1 5141 -1 -1 4911 2419 -1 7763 -1 4845 3169 6099 3340 9489 2198 -1 -1 3510 8771 2974 9438 -1 5026 -1 3305 4715 3261 8755 1767 9046 4669 2862 9145 222 -1 -1 8733 7096 1637 4525 -1 -1 -1 2591 9969 6747 1743 -1 407 -1 7269 1312 3938 -1 5037 2457 -1 3856 5736 9612 2365 -1 9329 -1 -1 7916 6410 -1 -1 -1 1973
7746 363 2751 3390 1361 2938 2831 -1 5717 4783 -1 -1 -1 1985 79 1393 7126 7534 8521 2256 8018 6522 6122 6722 9451 -1 1851 -1 6365 -1 7288 3932 9681 -1 7480 1835 6705 2820 -1 1714 7265 2641 1676 8050 453 1058 6505 -1 7102 -1 3393 6241 5081 -1 -1 6244 9267 6062 4535 3837 -1 3485 -1 339 -1 -1 -1 6908 -1 7553 -1 5015 5917 -1 6942 6642 2740 1160 -1 -1 -1 5648 1298 7497 5103 -1 3038 823 -1 -1 604 -1 -1 5777 9479 2275 -1 -1 -1 -1
7688 3765 -1 544 8530 -1 -1 3423 9304 5957 -1 5189 -1 -1 -1 3899 8608 -1 -1 6043 -1 5967 575 -1 -1 9184 2836 5323 7431 -1 6329 -1 1081 891 -1 -1 -1 -1 6413 9590 638 1570 -1 1360 3831 1766 3136 -1 -1 1555 -1 135 6611 8757 -1 5734 7569 7604 6497 1762 883 -1 -1 9482 4706 -1 188 5011 6413 1471 -1 -1 7769 2944 7640 -1 4857 8013 4325 -1 -1 4882 826 -1 5680 -1 -1 5838 1705 1827 -1 -1 8599 8425 1434 -1 -1 -1 1076 306
5670 7335 372 3144 5652 6170 -1 7595 3244 3482 3475 -1 3744 3553 -1 4626 -1 -1 -1 8401 -1 2158 445 1908 -1 971 5659 6412 6870 9764 -1 7293 8321 -1 9992 1 6785 -1 9953 9841 2389 2133 -1 5256 4022 940 -1 392 1998 -1 -1 633 2265 1781 1836 -1 -1 832 -1 4795 5858 5230 9945 1437 2804 -1 9002 7111 7654 1782 -1 6448 4414 7942 -1 -1 -1 59 4367 6167 6601 7735 4320 2151 3201 1598 -1 -1 -1 8610 9368 -1 7658 -1 -1 5690 -1 2277 6034 -1
3829 8104 9913 8218 6890 -1 -1 1907 3035 -1 9225 -1 -1 -1 -1 6347 8340 -1 -1 7940 8071 1829 -1 3028 8638 4403 -1 5503 5901 2218 -1 8757 1558 9301 3275 3557 632 -1 -1 9282 -1 3253 -1 2929 -1 -1 1176 9208 -1 6080 6452 4902 6882 2102 -1 7019 6354 8587 7837 -1 7663 183 6117 -1 7431 3183 2182 -1 -1 3417 1230 8604 94 8809 8859 -1 5942 3341 103 1344 -1 7750 -1 4926 8081 -1 6465 -1 3642 5811 -1 -1 8557 -1 -1 9497 -1 5205 -1 9433
3251 -1 2940 6571 -1 7096 -1 -1 4866 9379 -1 -1 4391 5863 6633 1438 5652 -1 -1 -1 3479 147 2115 8155 3022 8619 8198 9262 3761 4468 3245 8386 -1 -1 -1 -1 9941 4040 -1 7716 9152 2322 2825 -1 -1 5592 1801 -1 4079 -1 -1 4538 6360 8553 -1 3023 -1 3234 -1 -1 8580 -1 120 9422 1643 -1 7444 1515 3845 7744 2720 2873 4892 4826 4788 5323 9108 -1 1405 8647 -1 5983 7691 4864 -1 4501 -1 -1 -1 -1 4143 2090 -1 3956 7854 3694 7175 -1 1282 9737
9246 5636 -1 4365 -1 -1 9982 9211 681 4994 -1 -1 -1 2201 7746 1455 1983 5249 9616 -1 -1 -1 -1 773 5984 7356 -1 -1 -1 6266 9023 -1 6557 7564 -1 -1 2394 8584 -1 -1 -1 -1 5437 1360 -1 1632 -1 3686 6673 -1 8383 -1 -1 -1 7971 -1 -1 7783 1873 2628 3445 4343 3148 1833 -1 5855 -1 -1 1146 -1 4992 3980 -1 -1 9944 -1 -1 -1 -1 9510 -1 -1 7417 8244 -1 7589 8907 4434 -1 3064 -1 7291 6480 -1 7594 1695 1826 6767 4948 -1
3779 7544 9091 6409 221 4024 8943 -1 4981 -1 -1 3016 -1 4639 -1 1867 1951 7252 -1 -1 5362 3588 122 -1 -1 -1 -1 3346 6659 943 -1 5747 3288 5180 -1 -1 8859 2706 4841 -1 -1 -1 -1 4591 4012 -1 408 196 -1 3792 630 -1 -1 5044 4344 4006 5915 3256 -1 -1 -1 7211 7339 -1 323 6844 -1 8737 -1 8931 9891 9738 600 -1 3347 9612 6087 7955 3741 -1 -1 1855 4692 9724 2594 2432 164 -1 4305 6535 1069 -1 -1 6027 -1 5341 5144 -1 5406 -1
-1 -1 -1 -1 3732 3758 3568 7737 -1 7540 8508 7526 3722 3276 -1 6052 -1 -1 8829 1750 -1 7975 -1 -1 -1 -1 7075 -1 -1 -1 2379 274 -1 -1 2182 5778 5626 2425 -1 -1 2489 -1 13 9684 -1 9132 -1 -1 -1 331 5861 3046 8308 8071 5487 7200 8606 8013 -1 1577 9718 4718 9375 7866 -1 3694 1230 5779 7408 -1 5039 1998 -1 -1 8506 607 -1 7843 -1 2073 -1 6327 1171 -1 5462 -1 -1 5855 3295 5033 6667 -1 -1 1931 2490 1051 6938 8973 1948 -1
-1 5338 7084 5316 -1 -1 9462 1469 9283 6556 1483 2283 -1 3925 -1 7557 -1 -1 7619 4098 9743 8322 5729 -1 -1 9476 4615 -1 -1 290 -1 8613 8156 3227 6338 -1 -1 3846 609 8943 5005 5996 -1 -1 2217 6246 5488 -1 3775 6259 2333 -1 9542 1870 -1 4348 -1 -1 8798 8571 1526 -1 -1 3257 3909 -1 1640 -1 1623 7375 8232 3986 -1 3115 2605 5184 755 1339 -1 -1 8083 1162 399 -1 7409 -1 7794 -1 553 -1 6387 5230 4194 -1 7971 -1 -1 -1 2276 -1
5194 -1 3610 5233 4836 -1 2734 -1 6377 9400 4596 -1 145 6016 8183 9627 4051 5801 -1 2423 308 4005 -1 4498 8963 3117 2558 4547 -1 -1 9213 -1 -1 5992 -1 3533 -1 -1 -1 -1 3574 5615 4053 7764 5818 2794 -1 3975 7632 -1 7007 4100 7439 9054 652 -1 6734 5266 2249 4252 4526 7877 809 3043 -1 4676 3263 2347 4485 2855 -1 3467 9389 6118 744 -1 -1 2930 5014 6688 -1 5310 -1 1419 6056 5127 -1 9518 9078 6422 1983 4021 4780 7705 4103 -1 2872 3876 7906 1800
2871 -1 2293 5996 -1 -1 -1 4975 1656 2502 -1 6773 1411 -1 -1 5202 9652 8284 -1 6298 3589 7551 6334 7693 627 -1 1088 145 4159 -1 6656 7897 -1 -1 5578 1008 -1 9521 -1 1754 2161 842 5440 8828 -1 6581 4501 758 5531 9038 741 -1 463 -1 -1 1827 1599 -1 479 -1 1725 2659 7012 -1 2368 -1 8959 -1 -1 5433 6427 -1 1829 -1 -1 1704 -1 9650 7441 -1 947 5435 1010 1121 -1 4118 4672 -1 6144 6627 9147 9661 6597 8051 8374 8253 4245 -1 -1 -1
-1 -1 -1 2352 8297 961 6260 5031 -1 521 1473 5168 4621 9905 9484 1022 -1 -1 -1 -1 8636 -1 -1 -1 8559 9399 2004 -1 -1 7457 -1 -1 2456 7345 -1 9530 -1 -1 -1 -1 1901 5701 -1 4304 1451 -1 25 -1 3731 -1 4168 -1 -1 -1 -1 7537 9705 8792 5962 8452 3671 667 -1 1512 -1 4762 -1 1944 -1 4524 7240 9558 -1 5054 3781 -1 -1 -1 2025 4599 9389 7420 7971 -1 9230 -1 -1 -1 6521 -1 -1 3958 -1 -1 308 8149 -1 -1 5711 7760
-1 4557 7510 1049 3650 642 8236 9392 -1 7153 -1 9586 1930 -1 8445 1505 7480 -1 -1 7814 5327 4256 2832 -1 9202 9818 9262 34 -1 -1 2819 9934 1809 8067 4100 -1 70 6916 9465 8588 5817 -1 4054 -1 -1 -1 5218 8974 -1 4638 -1 -1 -1 5488 4754 3063 -1 7702 1961 4864 4842 -1 -1 6152 2972 8299 5213 366 5922 -1 5010 -1 9440 2718 7708 -1 -1 -1 4369 6238 407 3115 -1 -1 7476 -1 -1 -1 -1 5412 3813 3784 -1 1829 -1 -1 -1 2948 -1 3172
9621 6829 3174 2009 9215 -1 3704 -1 9771 -1 381 2686 4718 878 2571 1582 6563 -1 4846 6767 -1 1904 -1 6766 8968 -1 -1 8767 -1 6099 -1 -1 -1 3115 6379 8540 3618 4525 9612 1720 9780 3032 3862 -1 -1 78 -1 6883 -1 -1 8107 -1 -1 7449 -1 6121 -1 1056 8020 8161 9988 2698 7299 3438 1366 6008 6142 -1 7533 6909 3012 -1 -1 6327 5319 2260 7370 3318 7331 7248 8624 6045 -1 -1 -1 5181 9478 4083 -1 3408 9229 -1 4583 6440 8723 8020 1035 -1 476 3158
-1 8973 8614 4682 6863 4056 -1 -1 9790 9879 -1 -1 -1 5874 -1 1784 -1 -1 1671 4257 3242 -1 -1 3943 -1 -1 685 -1 3936 -1 -1 -1 -1 2714 -1 233 829 7864 -1 -1 1906 3167 -1 8756 4492 8894 915 -1 5393 -1 1630 2967 8981 4571 -1 8215 -1 1062 -1 2409 4319 6336 1406 5413 7073 5438 4853 -1 8382 8324 1973 6092 4275 1364 -1 9665 9880 -1 1464 8884 758 -1 -1 -1 -1 8727 2478 7330 -1 4638 7828 -1 -1 -1 -1 7050 6219 9638 3788 5469
5924 3139 -1 7052 2411 4236 -1 1244 9400 6624 1118 7109 -1 326 8972 1522 7994 -1 -1 -1 -1 6533 8048 8802 5248 -1 9682 7295 -1 2891 -1 1849 9763 -1 2782 7096 2221 -1 9350 5032 -1 2736 -1 7092 -1 9238 6904 5281 8349 3707 7849 -1 535 1218 5374 8097 8177 1920 6497 9480 -1 -1 1275 9339 -1 1238 -1 -1 -1 4246 2973 -1 60 9892 6381 2698 -1 3544 1508 2186 709 -1 9983 853 -1 9167 5282 7113 2913 -1 -1 -1 -1 6687 7694 3342 3897 -1 397 6386
9505 974 2579 4927 3202 9790 -1 9943 -1 -1 -1 209 5446 5414 8909 78 -1 7063 6825 2896 3630 4284 5966 2025 9288 -1 1125 6980 -1 7924 6638 8014 -1 9457 3525 -1 5239 -1 2030 4933 7862 -1 -1 6989 -1 1581 7757 -1 5315 254 -1 -1 9289 -1 4325 1905 2757 688 -1 2256 8590 8947 -1 6851 9335 1688 2274 8088 -1 7120 4476 -1 -1 -1 7664 1178 5010 4117 1123 1907 5862 8163 2918 7225 567 -1 -1 -1 1273 -1 -1 6875 9126 5372 9608 -1 647 7067 3476 4175
5631 -1 8445 1138 -1 7119 -1 9784 6350 468 621 1872 -1 9221 -1 -1 2319 949 -1 174 -1 -1 -1 4832 4972 -1 4977 5603 3854 -1 6645 6150 9145 6614 -1 -1 -1 7584 4475 857 8743 9795 -1 8784 1138 9212 7189 5410 6459 -1 9407 8835 1274 5407 5554 6283 -1 8233 9020 6095 -1 7662 7274 -1 -1 1740 -1 7238 8685 -1 -1 -1 -1 8663 -1 7647 -1 6380 -1 8035 8106 -1 -1 5380 -1 -1 6664 5136 7154 361 -1 5710 5858 -1 -1 8766 -1 1764 -1 669
5995 7498 -1 4628 2212 7666 4273 5556 -1 -1 9300 -1 -1 2774 1034 133 1036 4126 -1 -1 -1 -1 -1 -1 9752 4385 -1 4452 7183 8806 -1 8074 -1 828 7477 8222 -1 2888 7657 -1 9172 3260 2906 3994 8288 -1 3515 9877 -1 -1 6931 3746 4078 -1 9935 2158 8950 8481 5653 -1 9477 4842 -1 2288 7914 -1 -1 -1 3953 8501 -1 -1 -1 3863 -1 -1 1191 4920 -1 5980 7918 -1 -1 -1 -1 351 3263 3885 6728 -1 4584 8457 7775 8452 3756 896 4290 -1 6038 4726
2358 2806 3803 6471 -1 3522 -1 9970 1790 6930 -1 5827 6678 1069 5165 2334 1293 -1 912 -1 -1 2148 -1 -1 4168 -1 6200 -1 5956 3298 -1 6779 3542 3227 8858 6066 -1 3854 2890 1236 -1 4750 142 9916 -1 -1 -1 -1 4710 2689 -1 -1 5284 2929 4712 2165 -1 6987 9017 -1 5259 -1 -1 5116 3164 -1 -1 3311 6562 4292 -1 6997 4242 8133 6215 3340 2422 6830 -1 7062 2699 5925 4305 -1 -1 -1 6029 -1 -1 3346 -1 2548 9627 3421 7565 2674 2748 1483 4038 -1
6600 8579 4282 1907 7019 3167 3394 6283 6424 1273 -1 8945 6123 -1 -1 8904 9181 4999 703 3505 5216 7898 -1 731 5546 567 5416 9066 2097 2702 -1 3800 7195 -1 -1 -1 4447 4835 4983 5415 9625 -1 -1 -1 6528 6063 4667 2011 1956 7230 -1 -1 -1 9440 474 6047 4377 9804 152 -1 3342 6598 8129 4945 -1 6839 4726 -1 7469 7584 2574 8463 922 3009 -1 8369 2597 3698 -1 -1 -1 3161 4420 4697 -1 -1 5790 -1 3043 9189 -1 8012 5788 -1 -1 -1 1219 6700 -1 -1
-1 2334 2626 3768 4264 -1 650 6285 1816 -1 3662 3849 6212 9678 895 3308 1309 7034 6669 -1 7844 7075 6835 5802 8683 4558 9805 5287 8642 9656 -1 7184 5582 2771 7739 296 9827 -1 -1 -1 7263 4673 -1 5245 -1 5535 5158 -1 5930 4819 5352 809 -1 2513 1885 2781 7682 -1 7836 -1 7637 51 8274 -1 2487 -1 -1 -1 1804 -1 417 -1 -1 -1 -1 -1 1350 -1 5464 6759 5609 4247 -1 6034 -1 -1 -1 3605 4035 2669 -1 5831 1583 2771 8992 5318 1806 -1 7879 -1
-1 -1 453 -1 1716 3357 1638 3884 -1 -1 4688 -1 -1 -1 8592 6623 294 2061 -1 -1 3266 -1 -1 -1 784 8823 1703 9440 1488 -1 -1 4626 4730 9338 8836 7696 7926 307 1548 881 -1 -1 5197 232 -1 8139 2256 3209 -1 -1 -1 -1 1744 -1 -1 4282 -1 8126 -1 1636 4678 -1 9692 6489 3743 1035 3206 9613 4659 5695 6146 2930 6695 8804 5938 -1 7121 -1 8559 -1 -1 6408 5228 -1 -1 -1 6887 9985 -1 -1 8916 8230 6822 -1 3448 -1 3116 7157 5330 9513
7381 -1 2266 7533 4783 504 -1 4698 5073 353 -1 -1 8461 -1 1791 -1 -1 -1 9241 -1 7340 3120 1278 7994 378 -1 -1 -1 -1 -1 8073 -1 6911 586 -1 3116 -1 6787 1972 444 194 5179 -1 5120 7998 -1 -1 212 -1 6822 -1 6010 3364 -1 5857 2519 -1 -1 7743 5082 204 -1 5774 6886 5115 7841 -1 7944 5613 7626 -1 4004 9893 3010 54 -1 -1 5041 -1 -1 -1 5756 -1 8472 9838 1148 195 -1 7497 5347 -1 152 567 4585 -1 644 -1 301 6869 3529
-1 1106 -1 6054 -1 3524 4091 5888 3244 1690 -1 -1 2028 9718 8101 7200 -1 9925 -1 4766 9428 -1 253 2017 -1 -1 -1 -1 8279 1937 -1 -1 9987 7680 8567 1306 6797 -1 905 -1 6508 8512 -1 -1 7860 -1 -1 4912 -1 -1 -1 4458 5328 -1 -1 1671 5721 1973 4053 2381 5049 156 -1 -1 5698 3622 -1 -1 8539 2242 4397 3500 1873 9527 -1 -1 -1 -1 3557 -1 495 6419 202 417 3780 1889 -1 1335 -1 1325 -1 5466 -1 8211 464 -1 -1 4084 1189 7699
-1 7716 6091 -1 1901 4012 -1 4032 -1 8571 8341 6849 -1 4090 4608 6724 1774 -1 6777 8305 -1 3550 9971 -1 569 3502 9999 1338 8394 -1 -1 4075 -1 8047 9396 8093 8719 -1 6695 8020 -1 3131 5272 -1 -1 8279 1792 1123 846 1916 8826 1859 8631 5717 3146 6155 -1 4700 9363 7535 4141 7156 -1 5051 3042 -1 -1 360 4776 -1 6194 -1 5054 2961 5651 2341 5052 8225 6733 -1 -1 4301 2774 4456 4329 461 1366 118 5559 9172 -1 -1 3394 -1 -1 6308 -1 8218 6357 1978
8512 8008 -1 324 -1 -1 -1 2902 8303 2721 6888 9269 -1 5052 5973 7157 -1 5821 -1 2534 8615 1452 8689 5500 906 983 6431 7601 -1 8081 6708 -1 5865 655 2762 6989 5515 -1 -1 4252 5946 3010 2336 6943 7734 -1 1211 5802 326 -1 617 -1 5064 -1 7118 8360 1077 -1 2972 6596 2777 1956 6559 -1 1250 -1 8144 9647 9829 1127 6617 -1 -1 -1 396 -1 8014 9257 8188 5448 3192 -1 8446 -1 2484 -1 -1 7904 2809 -1 659 1290 -1 -1 1634 -1 -1 4308 2057 -1
-1 5089 7747 6166 -1 3441 8629 4230 2925 8446 -1 -1 9327 1254 214 2046 -1 -1 -1 -1 2819 8886 6942 -1 -1 6813 4653 6900 6965 7130 5791 9939 -1 1069 7872 3888 1210 1556 -1 -1 -1 -1 -1 4647 -1 1602 -1 3003 7913 1931 3512 -1 434 5433 7344 -1 -1 3070 1720 2559 1688 -1 -1 1517 -1 -1 7314 -1 7182 -1 5644 7143 7585 -1 2553 4423 303 2121 3660 -1 5525 -1 8873 1942 4923 2772 -1 -1 1080 619 1538 530 6253 1518 -1 7415 5627 539 969 6214
5616 918 -1 2985 -1 6931 6722 1636 2909 2697 6052 -1 6737 7581 -1 6154 4152 3907 2545 7915 5819 -1 9954 -1 -1 -1 5546 -1 -1 8227 -1 5634 7525 3887 7916 9019 7306 -1 8058 -1 1541 -1 9269 7063 1749 7658 -1 -1 5550 2453 -1 -1 -1 -1 4184 9263 4016 3226 7622 -1 469 2729 -1 -1 1262 7737 2767 -1 -1 6699 -1 5560 9913 4930 -1 1366 -1 4256 3108 -1 -1 -1 -1 4128 5926 1010 -1 2345 6162 -1 3120 1892 1754 425 7575 8871 -1 5419 8945 3448
3899 -1 4615 9426 -1 -1 9881 2825 -1 7727 -1 3645 4654 670 -1 1088 -1 2370 5130 4572 -1 4485 4910 1007 4972 -1 -1 -1 4787 5326 79 7980 -1 -1 4701 2659 -1 -1 6034 5950 76 -1 3992 3767 203 506 3949 2109 7880 3658 -1 5839 7267 -1 -1 -1 5040 8846 -1 3541 1374 813 -1 4434 5062 -1 4675 -1 7164 -1 5138 4673 9775 6585 8675 9537 -1 -1 1926 -1 3808 4471 -1 6571 1303 534 -1 -1 4824 -1 5679 6493 594 -1 1557 -1 -1 -1 5204 -1
8826 8189 1642 -1 9117 5280 5747 4279 2733 9317 2762 -1 -1 7258 -1 1511 3063 1136 6324 3437 9250 -1 6319 -1 -1 -1 -1 -1 2766 4451 249 -1 6766 4252 5787 7460 6071 2793 -1 2242 -1 9682 2841 1961 2945 -1 -1 7126 -1 1801 299 -1 4237 2924 8097 6118 5705 -1 1205 8622 5146 6252 3821 907 1997 -1 1098 -1 3888 3255 2996 4756 -1 7435 4550 -1 929 3761 9785 7670 2377 5044 4894 7658 3599 7019 -1 -1 1677 1912 1195 -1 1650 -1 7261 6061 -1 2639 6877 -1
-1 -1 3465 -1 1641 -1 -1 8526 8439 5422 8953 5385 -1 2185 -1 3141 -1 -1 6431 2352 -1 1242 -1 -1 8929 2786 3261 -1 3199 -1 6766 9705 -1 2984 4424 -1 9406 -1 739 6819 4733 9166 8973 4971 8985 -1 -1 141 2927 1912 2706 -1 -1 -1 3359 -1 -1 8276 6100 8038 508 -1 -1 -1 -1 -1 -1 9013 -1 4829 -1 5932 3191 4503 -1 1616 -1 8330 6413 1818 1051 3151 -1 -1 6318 -1 -1 6094 -1 6597 6320 8131 558 7144 9049 8360 6033 5287 5251 6508
206 7981 -1 -1 3651 -1 388 712 -1 5228 -1 2303 -1 -1 7527 7100 8824 1473 2672 5953 -1 6314 -1 -1 -1 9241 -1 7402 -1 1238 8391 6891 5550 3985 9481 -1 8880 3031 1293 -1 -1 4264 9 4112 -1 2651 -1 5827 7702 1978 -1 8010 -1 -1 4356 9644 -1 2876 6797 6719 1471 3303 -1 -1 2285 4937 -1 1421 8336 -1 4169 -1 -1 1603 4473 2503 -1 -1 8647 1137 2876 4313 8609 8661 -1 2420 -1 -1 2726 -1 9362 9793 -1 5637 1980 -1 3470 330 -1 7123
